
### 4k input, 40 output tokens
  conc   TTFT_s  TTFT_p99   TPOT_ms    E2E_s    tok/s  tok/s/req
  --------------------------------------------------------------
     1    0.123     0.123    459.61   16.210      2.2       2.22
     2    0.184     0.236    454.77   16.325      4.5       2.24
     4    0.302     0.459    460.99   16.550      8.8       2.19
     8    0.507     0.867    468.50   16.963     17.0       2.13
    16    0.917     1.687    478.89   17.791     32.6       2.04
    32    1.754     3.359    488.91   19.474     61.4       1.92

### 16k input, 40 output tokens
  conc   TTFT_s  TTFT_p99   TPOT_ms    E2E_s    tok/s  tok/s/req
  --------------------------------------------------------------
     1    0.222     0.222    555.28   19.102      1.8       1.83
     2    0.355     0.440    557.85   19.322      3.6       1.81
     4    0.608     0.862    562.76   19.742      7.1       1.77
     8    0.872     1.463    564.51   20.341     14.0       1.74
    16    2.421     3.751    578.91   22.572     25.3       1.58
    32   13.416    25.931    585.33   33.788     25.6       0.80

### 32k input, 40 output tokens
  conc   TTFT_s  TTFT_p99   TPOT_ms    E2E_s    tok/s  tok/s/req
  --------------------------------------------------------------
     1    0.372     0.372    513.37   18.853      2.0       1.96
     2    0.579     0.714    549.03   19.189      3.6       1.82
     4    0.846     1.251    541.17   19.734      7.3       1.82
     8    1.750     2.827    538.06   21.171     14.0       1.75
    16   11.963    24.851    537.26   31.542     13.9       0.87
    32   30.987    67.695    548.83   50.827     13.8       0.43

### 64k input, 40 output tokens
  conc   TTFT_s  TTFT_p99   TPOT_ms    E2E_s    tok/s  tok/s/req
  --------------------------------------------------------------
     1    0.637     0.637    717.45   25.748      1.4       1.40
     2    0.978     1.192    686.69   26.300      2.9       1.44
     4    2.276     3.246    705.89   27.999      5.3       1.32
     8   16.082    30.803    717.85   41.984      5.3       0.66
    16   44.551    87.126    716.99   70.551      5.3       0.33
    32   98.915   198.816    720.13  124.952      5.3       0.17

CSV -> results/summary.csv
